nj = 5;
nm = 4;
nv= 2;	

Ops = {  //job position machine pt isLast prevMch
<	1	1	1	8	0	5	6	>
<	1	2	2	16	0	1	20	>
<	1	3	4	12	0	2	44	>
<	1	4	5	0	1	4	44	>
<	2	1	1	20	0	5	14	>
<	2	2	3	10	0	1	34	>
<	2	3	2	18	0	3	54	>
<	2	4	5	0	1	2	54	>
<	3	1	3	12	0	5	20	>
<	3	2	4	8	0	3	32	>
<	3	3	1	15	0	4	49	>
<	3	4	5	0	1	1	49	>
<	4	1	4	14	0	5	12	>
<	4	2	2	18	0	4	36	>
<	4	3	5	0	1	2	49	>
<	5	1	3	10	0	5	10	>
<	5	2	1	15	0	3	34	>
<	5	3	5	0	1	1	49	>
};


Dist= [//m....stk
[	0	6	8	10	12	]
[	6	0	6	8	10	]
[	8	6	0	6	8	]
[	10	8	6	0	6	]
[	6	8	10	12	0	]
];

