nj = 5;
nm = 4;
nv= 2;	

Ops = {  //job position machine pt isLast prevMch
<	1	1	1	10	0	5	6	>
<	1	2	4	18	0	1	44	>
<	1	3	5	0	1	4	0	>
<	2	1	2	10	0	5	8	>
<	2	2	4	18	0	2	26	>
<	2	3	5	0	1	4	0	>
<	3	1	1	10	0	5	26	>
<	3	2	3	20	0	1	43	>
<	3	3	5	0	1	3	0	>
<	4	1	2	10	0	5	18	>
<	4	2	3	15	0	2	28	>
<	4	3	4	12	0	3	62	>
<	4	4	5	0	1	4	0	>
<	5	1	1	10	0	5	36	>
<	5	2	2	15	0	1	46	>
<	5	3	4	12	0	2	74	>
<	5	4	5	0	1	4	0	>
<	6	1	1	10	0	5	16	>
<	6	2	2	15	0	1	28	>
<	6	3	3	12	0	2	63	> 
<	6	4	5	0	1	3	0	>
};


Dist= [//m....stk
[	0	2	4	2	6	]
[	12	0	2	4	8	]
[	10	12	0	2	6	]
[	8	10	12	0	4	]
[	4	6	8	6	0	]

];

