nj = 6;
nm = 4;
nv= 2;	

Ops = {  //job position machine pt isLast prevMch
<	1	1	1	16	0	5	14	>
<	1	2	3	15	0	1	61	>
<	1	3	5	0	1	3	0	>
<	2	1	2	18	0	5	18	>
<	2	2	4	15	0	2	41	>
<	2	3	5	0	1	4	0	>
<	3	1	1	20	0	5	30	>
<	3	2	2	10	0	1	50	>
<	3	3	5	0	1	2	0	>
<	4	1	3	15	0	5	10	>
<	4	2	4	10	0	3	31	>
<	4	3	5	0	1	4	0	>
<	5	1	1	8	0	5	6	>
<	5	2	2	10	0	1	36	>
<	5	3	3	15	0	2	46	>
<	5	4	4	17	0	3	64	>
<	5	5	5	0	1	4	0	>
<	6	1	2	10	0	5	8	>
<	6	2	3	15	0	2	25	>
<	6	3	4	8	0	3	56	>
<	6	4	1	15	0	4	64	>
<	6	5	5	0	1	1	0	>
};


Dist= [//m....stk
[	0	4	6	10	18	]
[	14	0	8	6	20	]
[	8	6	0	6	12	]
[	14	12	6	0	14	]
[	4	8	10	14	0	]

];

