nj = 5;
nm = 4;
nv= 2;	

Ops = {  //job position machine pt isLast prevMch
<	1	1	4	11	0	5	12	>
<	1	2	1	10	0	4	33	>
<	1	3	2	7	0	1	49	>
<	1	4	5	0	1	2	0	>
<	2	1	3	12	0	5	10	>
<	2	2	2	10	0	3	29	>
<	2	3	4	8	0	2	46	>
<	2	4	5	0	1	4	0	>
<	3	1	2	7	0	5	8	>
<	3	2	3	10	0	2	22	>
<	3	3	1	9	0	3	43	>
<	3	4	3	8	0	1	56	>
<	3	5	5	0	1	3	0	>
<	4	1	2	7	0	5	15	>
<	4	2	4	8	0	2	23	>
<	4	3	1	12	0	4	52	>
<	4	4	2	6	0	1	66	>
<	4	5	5	0	1	2	0	>
<	5	1	1	9	0	5	6	>
<	5	2	2	7	0	1	22	>
<	5	3	4	8	0	2	36	>
<	5	4	2	10	0	4	56	>
<	5	5	3	8	0	2	68	> 
<	5	6	5	0	1	3	0	>
};


Dist= [//m....stk
[	0	2	8	10	12	]
[	12	0	6	8	10	]
[	6	8	0	2	4	]
[	4	6	12	0	2	]
[	2	4	10	12	0	]
];
