nj = 5;
nm = 4;
nv= 2;	

Ops = {  //job position machine pt isLast prevMch
<	1	1	1	6	0	5	6	>
<	1	2	2	12	0	1	18	>
<	1	3	4	9	0	2	38	>
<	1	4	5	0	1	4	0	>
<	2	1	1	18	0	5	12	>
<	2	2	3	6	0	1	32	>
<	2	3	2	15	0	3	45	>
<	2	4	5	0	1	2	0	>
<	3	1	3	9	0	5	13	>
<	3	2	4	3	0	3	25	>
<	3	3	1	12	0	4	39	>
<	3	4	5	0	1	1	0	>
<	4	1	4	6	0	5	12	>
<	4	2	2	15	0	4	30	>
<	4	3	5	0	1	2	0	>
<	5	1	3	3	0	5	10	>
<	5	2	1	9	0	3	30	>
<	5	3	5	0	1	1	0	>
};

Dist= [//m....stk
[	0	4	6	10	18	]
[	14	0	8	6	20	]
[	8	6	0	6	12	]
[	14	12	6	0	14	]
[	4	8	10	14	0	]
];
