nj = 6;
nm = 4;
nv= 2;	

Ops = {  //job position machine pt isLast prevMch
<	1	1	1	9	0	5	16	>
<	1	2	2	11	0	1	25	>
<	1	3	4	7	0	2	52	>
<	1	4	5	0	1	4	0	>
<	2	1	1	19	0	5	25	>
<	2	2	2	20	0	1	50	>
<	2	3	4	13	0	2	70	>
<	2	4	5	0	1	4	0	>
<	3	1	2	14	0	5	36	>
<	3	2	3	20	0	2	56	>
<	3	3	4	9	0	3	83	>
<	3	4	5	0	1	4	0	>
<	4	1	2	14	0	5	8	>
<	4	2	3	20	0	2	36	>
<	4	3	4	9	0	3	59	>
<	4	4	5	0	1	4	0	>
<	5	1	1	11	0	5	44	>
<	5	2	3	16	0	1	76	>
<	5	3	4	8	0	3	92	>
<	5	4	5	0	1	4	0	>
<	6	1	1	10	0	5	6	>
<	6	2	3	12	0	1	24	>
<	6	3	4	10	0	3	42	> 
<	6	4	5	0	1	4	0	> 
};

Dist= [//m....stk
[	0	4	6	10	18	]
[	14	0	8	6	20	]
[	8	6	0	6	12	]
[	14	12	6	0	14	]
[	4	8	10	14	0	]
];
