nj = 6;
nm = 4;
nv= 2;	

Ops = {  //job position machine pt isLast prevMch
<	1	1	2	12	0	5	8	>
<	1	2	3	21	0	2	26	>
<	1	3	4	11	0	3	53	>
<	1	4	5	0	1	4	0	>
<	2	1	2	12	0	5	32	>
<	2	2	3	21	0	2	68	>
<	2	3	4	11	0	3	89	>
<	2	4	5	0	1	4	0	>
<	3	1	2	12	0	5	20	>
<	3	2	3	21	0	2	47	>
<	3	3	4	11	0	3	68	>
<	3	4	5	0	1	4	0	>
<	4	1	2	12	0	5	44	>
<	4	2	3	21	0	2	89	>
<	4	3	4	11	0	3	110	>
<	4	4	5	0	1	4	0	>
<	5	1	1	10	0	5	16	>
<	5	2	2	14	0	1	70	>
<	5	3	3	18	0	2	128	>
<	5	4	4	9	0	3	146	>
<	5	5	5	0	1	4	0	>
<	6	1	1	10	0	5	6	>
<	6	2	2	14	0	1	56	>
<	6	3	3	18	0	2	110	>
<	6	4	4	9	0	3	128	>
<	6	5	5	0	1	4	0	>
};


Dist= [//m....stk
[	0	4	6	10	18	]
[	14	0	8	6	20	]
[	8	6	0	6	12	]
[	14	12	6	0	14	]
[	4	8	10	14	0	]
];

