nj = 5;
nm = 4;
nv= 2;	

Ops = {  //job position machine pt isLast prevMch
<	1	1	3	9	0	5	26	>
<	1	2	1	12	0	3	35	>
<	1	3	2	9	0	1	61	>
<	1	4	4	6	0	2	70	>
<	1	5	5	0	1	4	0	>
<	2	1	3	16	0	5	10	>
<	2	2	2	11	0	3	32	>
<	2	3	4	9	0	2	51	>
<	2	4	5	0	1	4	0	>
<	3	1	1	21	0	5	6	>
<	3	2	2	18	0	1	43	>
<	3	3	4	7	0	2	61	>
<	3	4	5	0	1	4	0	>
<	4	1	2	20	0	5	8	>
<	4	2	3	22	0	2	49	>
<	4	3	4	11	0	3	76	>
<	4	4	5	0	1	4	0	>
<	5	1	3	14	0	5	35	>
<	5	2	1	16	0	3	49	>
<	5	3	2	13	0	1	70	>
<	5	4	4	9	0	2	87	>  
<	5	5	5	0	1	4	0	>
};


Dist= [//m....stk
[	0	2	4	2	6	]
[	12	0	2	4	8	]
[	10	12	0	2	6	]
[	8	10	12	0	4	]
[	4	6	8	6	0	]
];