nj = 8;
nm = 4;
nv= 2;	

Ops = {  //job position machine pt isLast prevMch
<	1	1	1	6	0	5	6	>
<	1	2	4	6	1	1	22	>
<	2	1	2	11	0	5	8	>
<	2	2	4	9	1	2	28	>
<	3	1	2	9	0	5	32	>
<	3	2	4	7	1	2	41	>
<	4	1	3	16	0	5	10	>
<	4	2	4	7	1	3	48	>
<	5	1	1	9	0	5	12	>
<	5	2	3	18	1	1	26	>
<	6	1	2	13	0	5	19	>
<	6	2	3	19	0	2	44	>
<	6	3	4	6	1	3	68	>
<	7	1	1	10	0	5	32	>
<	7	2	2	9	0	1	42	>
<	7	3	3	13	1	2	63	>
<	8	1	1	11	0	5	21	>
<	8	2	2	9	0	1	51	>
<	8	3	4	8	1	2	60	>
};


Dist= [//m....stk
[	0	6	8	10	12	]
[	6	0	6	8	10	]
[	8	6	0	6	8	]
[	10	8	6	0	6	]
[	6	8	10	12	0	]
];

