nj = 6;
nm = 4;
nv= 2;	

Ops = {  //job position machine pt isLast prevMch
<	1	1	2	12	0	5	8	>
<	1	2	3	21	0	2	26	>
<	1	3	4	11	1	3	53	>
<	2	1	2	12	0	5	32	>
<	2	2	3	21	0	2	68	>
<	2	3	4	11	1	3	89	>
<	3	1	2	12	0	5	20	>
<	3	2	3	21	0	2	47	>
<	3	3	4	11	1	3	68	>
<	4	1	2	12	0	5	44	>
<	4	2	3	21	0	2	89	>
<	4	3	4	11	1	3	110	>
<	5	1	1	10	0	5	16	>
<	5	2	2	14	0	1	70	>
<	5	3	3	18	0	2	128	>
<	5	4	4	9	1	3	146	>
<	6	1	1	10	0	5	6	>
<	6	2	2	14	0	1	56	>
<	6	3	3	18	0	2	110	>
<	6	4	4	9	1	3	128	>
};


Dist= [//m....stk
[	0	2	4	2	6	]
[	12	0	2	4	8	]
[	10	12	0	2	6	]
[	8	10	12	0	4	]
[	4	6	8	6	0	]

];

